52
22
20
89
100
26
34
18
57
83
27
36
34
37
18
0
39
50
27
50
40
45
13
32
44
94
7
40
81
98
64
55
54
22
53
43
35
36
16
53
37
19
18
43
39
10
59
0
40
39
57
22
39
46
40
49
72
28
71
28
25
69
30
39
59
25
52
32
24
36
38
69
27
39
64
5
26
33
14
61
27
28
30
73
64
97
13
25
56
32
45
64
80
56
44
63
29
57
33
41
52
42
87
34
96
19
27
15
52
62
61
26
24
31
50
41
36
80
36
83
49
46
43
26
46
61
35
50
63
36
35
26
54
25
23
52
57
41
68
71
46
24
87
58
35
0
42
87
29
72
15
42
30
10
46
23
13
88
44
84
24
76
62
71
44
54
72
63
86
54
80
66
64
82
77
37
55
44
82
68
52
55
57
47
32
71
74
58
54
56
22
69
40
65
31
57
38
47