864
1317
1761
2199
2639
3052
3471
3843
4172
4500
4854
5240
5693
6150
6612
7024
7354
7698
8100
8564
9050
9525
9958
10306
10667
11052
11488
11945
12372
12732
13094
13522
13977
14416
14824
15204
15561
15983
16496
16973
17413
17831
18287
18764
19226
19605
19973
20384
20866
21333
21769
22252
22752
23262
23614
24010
24507
25015
25465
25920
26433
26951
27416
27852
28307
28812
29239
29697
30197
30672
31072
31473
31981
32472
32965
33428
33902
34389
34887
35366
35860
36357
36845
37246
37619
38165
38654
39126
39597
40091
40583
41058
41538
42009
42427
42792
43226
43716
44203
44648
45136
45599
46139
46630
47130
47621
48058
48477
48953
49450
49781
50071
50434
50946
51428
51906
52410
52920
53409
53846
54212
54728
55174
55320
56140
56621
57131
57610
58081
58582
59088
59581
60069
60561
61287
61477
61712
63600
63772
64290
64835
65210
65675
66359
66738
67060
67627
68096
68584
69049
69541
70030
70483
70895
71389
71976
72157
72676
73062
73548
74077
74500
74875
75211
75548
75946
76408
76871
77344
77831
78300
78765
79219
79684
80037
80398
80787
81232
81703
82097
82469
82879
83324
83766
84203
84621
84925
85296
85689
86131
86624
87053
87421
87783
88160
88603
89053
89446
89817
90204
90672
91134
91471
91672
92335
93260
93788
93947
94479
94974
95406
95841
96376
96932
97353
97729
98103
98545
99011
99414
99849
100161
100715
101134
101536
101999
102428
102664
102729
103275
103754
104201
104579
105120
105535
105925
106346
106788
107260
107655
108153
108545
108978
109060
109143
109766
110140
110580
110962
111310
111797
112230
112734
113118
113509
113938
114376
114940
115275
115603
115958
116448
116838
116891
117768
118227
118740
119248
119326
119405
119448
119949
120408
121174
121602
122116
122482
123016
123258
123826
124583
125013
125406
125777
126181
126625
127052
127434
127835
128268
128744
129187
129673
130056
130365
130777
131215
131627
131997
132382
132786
133198
133589
133951
134344
134757
135177
135562
135967
136401
136829
137197
137591
138036
138532
139028
139528
140041
140545
141056
141482
141865
142363
142922
143404
143848
144441
144963
145442
145946
146453
146948
147369
147738
148185
148706
149159
149564
149899
