132
534
903
1247
1597
1968
2369
2755
3117
3470
3828
4191
4567
4921
5307
5727
6139
6556
6925
7295
7680
8060
8419
8771
9109
9443
9762
10083
10418
10754
11087
11406
11760
12121
12472
12884
13276
13706
14082
14451
14813
15265
15474
15792
16119
16463
16791
17168
17577
17955
18340
18743
19162
19590
19949
20310
20671
21022
21374
21744
22112
22481
22874
23217
23536
23863
24190
24542
24935
25287
25682
26419
26620
27019
27475
27851
28229
28598
28967
29326
29696
30047
30408
30768
31161
31514
31867
32243
32613
32991
33402
33803
34206
34600
34969
35298
35640
35977
36347
36739
37117
37519
37890
38275
38661
39013
39400
39777
40146
40509
40886
41281
41649
42042
42396
42724
43067
43410
43805
44183
44571
44921
45265
45611
46172
46225
47079
47465
47852
48196
48590
48883
49219
49531
49850
50185
50555
50940
51277
51671
52049
52461
52829
53182
53551
53937
54307
54634
55005
55289
55616
55970
56087
56221
56526
56853
57180
57509
57869
58221
58575
58970
59339
59676
60003
60322
60625
60937
61248
61851
62239
62450
62775
63088
63398
63710
64037
64322
64819
65297
65607
65918
66244
66548
66850
67161
67473
67800
68153
68716
68951
69464
69909
70313
70640
70968
71305
71649
71968
72289
72625
72977
73339
73699
74027
74364
74710
75071
75441
75792
76137
76466
76794
77130
77475
77852
78233
78593
78963
79333
79710
80123
80502
80870
81233
81576
81903
82231
82583
82963
83382
83785
84147
84500
84917
85247
85575
85884
86179
86473
86783
87128
87463
87833
88212
88683
89052
89363
89749
90128
90496
90876
91213
91574
91935
92323
92692
93071
93475
93894
94298
94668
95056
95449
95829
96190
96560
96948
97343
97754
98116
98471
98832
99192
99521
99875
100260
100648
101043
101446
101842
102228
102582
102936
103289
103675
104061
104423
104777
105122
105441
105760
106072
106392
106720
107223
107408
107744
108072
108441
108684
108978
109265
109567
109886
110205
110533
110911
111272
111657
111994
112347
112706
113051
113144
113697
114001
114319
114647
114998
115327
115737
116148
116553
116938
117325
117711
118105
118484
118846
119223
119594
119988
120357
120727
121087
121448
121776
122130
122490
122852
123230
123582
123952
124306
124676
125027
125388
125734
126094
126448
126784
127112
127456
127793
128145
128482
128828
129171
129509
129844
130173
130501
130836
131165
131508
131845
132173
132501
132830
133150
133453
133772
134066
134368
134664
134982
135320
135666
136011
136339
136659
136970
137281
137593
137911
138232
138535
138913
139274
139628
139972
140327
140697
141065
141410
141755
142076
142404
142739
143066
143419
143798
144176
144562
144949
145394
145863
146317
146738
147131
147518
147879
148231
148577
148920
149238
149567
149927
